1.118293106555938721e-01
-3.053854592144489288e-02
4.717774391174316406e-01
7.169592380523681641e-02
3.752187490463256836e-01
-1.925782114267349243e-01
-1.210534386336803436e-02
1.367034614086151123e-01
4.000025987625122070e-02
1.154159083962440491e-01
8.173776417970657349e-02
4.705968126654624939e-02
3.040057420730590820e-02
1.177890002727508545e-01
-1.947404071688652039e-02
3.414823114871978760e-01
6.557806581258773804e-02
2.198770642280578613e-01
-2.990208864212036133e-01
2.963464707136154175e-02
4.532802384346723557e-03
1.867856532335281372e-01
7.254996150732040405e-02
7.432362437248229980e-02
1.526515334844589233e-01
3.415140807628631592e-01
1.415447890758514404e-01
1.146790459752082825e-01
2.437213957309722900e-01
-5.184316635131835938e-02
9.316768497228622437e-02
1.289182454347610474e-01
