5.107008814811706543e-01
2.990661561489105225e-01
2.129342555999755859e-01
4.647243022918701172e-01
2.957562506198883057e-01
2.173188775777816772e-01
4.609531164169311523e-01
6.237721443176269531e-01
4.711379706859588623e-01
4.731327593326568604e-01
4.403229057788848877e-01
3.123720586299896240e-01
4.365326762199401855e-01
4.873093664646148682e-01
4.352171719074249268e-01
3.508951067924499512e-01
4.647061526775360107e-01
2.956006824970245361e-01
2.738255858421325684e-01
3.724851310253143311e-01
4.617051482200622559e-01
5.223394036293029785e-01
4.917572736740112305e-01
5.298168659210205078e-01
4.381355643272399902e-01
3.404206037521362305e-01
4.200280904769897461e-01
5.701220035552978516e-01
2.111101597547531128e-01
3.702249825000762939e-01
4.547750055789947510e-01
2.381236255168914795e-01
